---
version: 2
money:
  fpvgamer: 9566514.000000
  kevinnhock: 430688.500000
  nightvision5418: 1000
  ziodragon4837: 1000
  thongpro2019: 1000
  pingingartist84: 901299.000000
  zenitsugamervn: 1000
  zanegameryt2002: 800.000000
  tinhnguyen20075: 1000
  noobyotuber1231: 1000
  minif2020vn: 1000
  tuideptraii: 1000
  hungfa69: 185600.000000
  tionvn: 1000
  craftmo: 82920.000000
...
