---
SkyBlockSpawn:
  X: 0.551300
  "Y": 65.000000
  Z: 0.527700
  Yaw: 267.373718
  Pitch: -1.221130
...
